LINE	ARRAY			SIZE		source		DESTINTATION	ITERATION	BEGIN1	END1		BEGIN2	END2		I
01	[5, 4, 3, 2, 1]
02	[5, 4, 3, 2, 1]
03	[5, 4, 3, 2, 1]   5
04	[5, 4, 3, 2, 1]   5		[5, 4, 3, 2, 1]
05	[5, 4, 3, 2, 1]   5           [5, 4, 3, 2, 1]   [N, N, N, N, N]
07	[5, 4, 3, 2, 1]   5           [5, 4, 3, 2, 1]   [N, N, N, N, N]   2
08	[5, 4, 3, 2, 1]   5           [5, 4, 3, 2, 1]   [N, N, N, N, N]   2
09	[5, 4, 3, 2, 1]   5           [5, 4, 3, 2, 1]   [N, N, N, N, N]   0
10	[5, 4, 3, 2, 1]   5           [5, 4, 3, 2, 1]   [N, N, N, N, N]   0	 	0
11	[5, 4, 3, 2, 1]   5           [5, 4, 3, 2, 1]   [N, N, N, N, N]   0      	0
12	[5, 4, 3, 2, 1]   5           [5, 4, 3, 2, 1]   [N, N, N, N, N]   0      	0      	1
15	[5, 4, 3, 2, 1]   5           [5, 4, 3, 2, 1]   [N, N, N, N, N]   0      	0     	1
17	[5, 4, 3, 2, 1]   5           [5, 4, 3, 2, 1]   [N, N, N, N, N]   0      	0      	1           1
18	[5, 4, 3, 2, 1]   5           [5, 4, 3, 2, 1]   [N, N, N, N, N]   0      	0      	1    		1
21	[5, 4, 3, 2, 1]   5           [5, 4, 3, 2, 1]   [N, N, N, N, N]   0      	0      	1           1           2
24	[5, 4, 3, 2, 1]   5           [5, 4, 3, 2, 1]   [N, N, N, N, N]   0      	0      	1    		1           2
25	[5, 4, 3, 2, 1]   5           [5, 4, 3, 2, 1]   [N, N, N, N, N]   1      	0      	1    		1           2
31                                  [5, 4, 3, 2, 1]   [N, N, N, N, N]      	 	0	 	1    		1           2
32                                  [5, 4, 3, 2, 1]   [N, N, N, N, N]      	 	0	 	1    		1           2
34                                  [5, 4, 3, 2, 1]   [N, N, N, N, N]  		 	0	 	1    		1           2      
35                                  [5, 4, 3, 2, 1]   [N, N, N, N, N]      	 	0	 	1    		1           2           0
39                                  [5, 4, 3, 2, 1]   [N, N, N, N, N]      		0	 	1    		1           2           0
40                                  [5, 4, 3, 2, 1]   [4, N, N, N, N]      	 	0	 	1    		1           2           0
34                                  [5, 4, 3, 2, 1]   [4, N, N, N, N]      	 	0		1    		2           2           0
35                                  [5, 4, 3, 2, 1]   [4, N, N, N, N]     	 	0	 	1    		2           2           1
36                                  [5, 4, 3, 2, 1]   [4, N, N, N, N]     	 	0	 	1    		2           2           1
37                                  [5, 4, 3, 2, 1]   [4, 5, N, N, N]        	 	0	 	1    		2           2           1
34                                  [5, 4, 3, 2, 1]   [4, 5, N, N, N]     	 	1	 	1    		2           2           1
41                                  [5, 4, 3, 2, 1]   [4, 5, N, N, N]     	 	1	 	1    		2           2           1
41                                  [5, 4, 3, 2, 1]   [4, 5, N, N, N]     	 	1	 	1    		2           2           1
26	[5, 4, 3, 2, 1]   5           [5, 4, 3, 2, 1]   [4, 5, N, N, N]   1      	0      	1    		1           2
10	[5, 4, 3, 2, 1]   5           [5, 4, 3, 2, 1]   [4, 5, N, N, N]   1     	2      	1   		1           2
11	[5, 4, 3, 2, 1]   5           [5, 4, 3, 2, 1]   [4, 5, N, N, N]   1      	2      	1    		1           2
12	[5, 4, 3, 2, 1]   5           [5, 4, 3, 2, 1]   [4, 5, N, N, N]   1      	2      	3    		1           2
15	[5, 4, 3, 2, 1]   5           [5, 4, 3, 2, 1]   [4, 5, N, N, N]   1      	2      	3    		1           2
17	[5, 4, 3, 2, 1]   5           [5, 4, 3, 2, 1]   [4, 5, N, N, N]   1      	2      	3    		3           2
18	[5, 4, 3, 2, 1]   5           [5, 4, 3, 2, 1]   [4, 5, N, N, N]   1      	2      	3    		3           2
21	[5, 4, 3, 2, 1]   5           [5, 4, 3, 2, 1]   [4, 5, N, N, N]   1      	2      	3    		3           4
24	[5, 4, 3, 2, 1]   5           [5, 4, 3, 2, 1]   [4, 5, N, N, N]   1      	2      	3    		3           4
25	[5, 4, 3, 2, 1]   5           [5, 4, 3, 2, 1]   [4, 5, N, N, N]   2      	2      	3    		3           4
31                                  [5, 4, 3, 2, 1]   [4, 5, N, N, N]      		2	 	3    		3           4
32                                  [5, 4, 3, 2, 1]   [4, 5, N, N, N]      		2	 	3    		3           4
34                                  [5, 4, 3, 2, 1]   [4, 5, N, N, N]      		2	 	3    		3           4
35                                  [5, 4, 3, 2, 1]   [4, 5, N, N, N]      		2	 	3    		3           4           2
39                                  [5, 4, 3, 2, 1]   [4, 5, N, N, N]      		2	 	3    		3           4           2
40                                  [5, 4, 3, 2, 1]   [4, 5, 2, N, N]      		2	 	3    		3           4           2
34                                  [5, 4, 3, 2, 1]   [4, 5, 2, N, N]      		2	 	3    		4           4           2
35                                  [5, 4, 3, 2, 1]   [4, 5, 2, N, N]      		2	 	3    		4           4           3
36                                  [5, 4, 3, 2, 1]   [4, 5, 2, N, N]      		2	 	3    		4           4           3
37                                  [5, 4, 3, 2, 1]   [4, 5, 2, 3, N]      		2	 	3    		4           4           3
34                                  [5, 4, 3, 2, 1]   [4, 5, 2, 3, N]      		3	 	3    		4           4           3
41                                  [5, 4, 3, 2, 1]   [4, 5, 2, 3, N]      		3	 	3    		4           4           3
41                                  [5, 4, 3, 2, 1]   [4, 5, 2, 3, N]      		3	 	3    		4           4           3
26	[5, 4, 3, 2, 1]   5           [5, 4, 3, 2, 1]   [4, 5, 2, 3, N]   2      	2      	3    		3           4
10	[5, 4, 3, 2, 1]   5           [5, 4, 3, 2, 1]   [4, 5, 2, 3, N]   2      	4      	3    		3           4
11	[5, 4, 3, 2, 1]   5           [5, 4, 3, 2, 1]   [4, 5, 2, 3, N]   2      	4      	3    		3           4
12	[5, 4, 3, 2, 1]   5           [5, 4, 3, 2, 1]   [4, 5, 2, 3, N]   2      	4      	5    		3           4
15	[5, 4, 3, 2, 1]   5           [5, 4, 3, 2, 1]   [4, 5, 2, 3, N]   2      	4      	5    		3           4
17	[5, 4, 3, 2, 1]   5           [5, 4, 3, 2, 1]   [4, 5, 2, 3, N]   2      	4      	5    		5           4
20	[5, 4, 3, 2, 1]   5           [5, 4, 3, 2, 1]   [4, 5, 2, 3, N]   2      	4      	5    		5           4
21	[5, 4, 3, 2, 1]   5           [5, 4, 3, 2, 1]   [4, 5, 2, 3, N]   2      	4      	5    		5           5
24	[5, 4, 3, 2, 1]   5           [5, 4, 3, 2, 1]   [4, 5, 2, 3, N]   2      	4      	5    		5           5
25	[5, 4, 3, 2, 1]   5           [5, 4, 3, 2, 1]   [4, 5, 2, 3, N]   3      	4      	5    		5           5
31                                  [5, 4, 3, 2, 1]   [4, 5, 2, 3, N]      		4	 	5    		5           5
32                                  [5, 4, 3, 2, 1]   [4, 5, 2, 3, N]      		4	 	5    		5           5
34                                  [5, 4, 3, 2, 1]   [4, 5, 2, 3, N]      		4	 	5    		5           5      
35                                  [5, 4, 3, 2, 1]   [4, 5, 2, 3, N]      		4	 	5    		5           5           4
36                                  [5, 4, 3, 2, 1]   [4, 5, 2, 3, N]      		4	 	5    		5           5           4
37                                  [5, 4, 3, 2, 1]   [4, 5, 2, 3, 1]      		4	 	5    		5           5           4
34                                  [5, 4, 3, 2, 1]   [4, 5, 2, 3, 1]      		5	 	5    		5           5           4
41                                  [5, 4, 3, 2, 1]   [4, 5, 2, 3, 1]      		5	 	5    		5           5           4
41                                  [5, 4, 3, 2, 1]   [4, 5, 2, 3, 1]      		5	 	5    		5           5           4
26	[5, 4, 3, 2, 1]   5           [5, 4, 3, 2, 1]   [4, 5, 2, 3, 1]   3      	4      	5    		5           5
10	[5, 4, 3, 2, 1]   5           [5, 4, 3, 2, 1]   [4, 5, 2, 3, 1]   3      	5      	5    		5           5
27	[5, 4, 3, 2, 1]   5           [5, 4, 3, 2, 1]   [4, 5, 2, 3, 1]   3      	5      	5    		5           5
07	[5, 4, 3, 2, 1]   5           [4, 5, 2, 3, 1]   [5, 4, 3, 2, 1]   3      	5      	5    		5           5
08	[5, 4, 3, 2, 1]   5           [4, 5, 2, 3, 1]   [5, 4, 3, 2, 1]   3      	5      	5    		5           5
09	[5, 4, 3, 2, 1]   5           [4, 5, 2, 3, 1]   [5, 4, 3, 2, 1]   0      	5      	5    		5           5
10	[5, 4, 3, 2, 1]   5           [4, 5, 2, 3, 1]   [5, 4, 3, 2, 1]   0      	0      	5    		5           5
11	[5, 4, 3, 2, 1]   5           [4, 5, 2, 3, 1]   [5, 4, 3, 2, 1]   0      	0      	5    		5           5
12	[5, 4, 3, 2, 1]   5           [4, 5, 2, 3, 1]   [5, 4, 3, 2, 1]   0      	0      	1    		5           5
13	[5, 4, 3, 2, 1]   5           [4, 5, 2, 3, 1]   [5, 4, 3, 2, 1]   0      	0      	1    		5           5
12	[5, 4, 3, 2, 1]   5           [4, 5, 2, 3, 1]   [5, 4, 3, 2, 1]   0      	0      	2    		5           5
15	[5, 4, 3, 2, 1]   5           [4, 5, 2, 3, 1]   [5, 4, 3, 2, 1]   0      	0      	2    		5           5
17	[5, 4, 3, 2, 1]   5           [4, 5, 2, 3, 1]   [5, 4, 3, 2, 1]   0      	0      	2    		2           5
18	[5, 4, 3, 2, 1]   5           [4, 5, 2, 3, 1]   [5, 4, 3, 2, 1]   0      	0      	2    		2           5
21	[5, 4, 3, 2, 1]   5           [4, 5, 2, 3, 1]   [5, 4, 3, 2, 1]   0      	0      	2    		2           3
22	[5, 4, 3, 2, 1]   5           [4, 5, 2, 3, 1]   [5, 4, 3, 2, 1]   0      	0      	2    		2           3
21	[5, 4, 3, 2, 1]   5           [4, 5, 2, 3, 1]   [5, 4, 3, 2, 1]   0      	0      	2    		2           4
24	[5, 4, 3, 2, 1]   5           [4, 5, 2, 3, 1]   [5, 4, 3, 2, 1]   0      	0      	2    		2           4
25	[5, 4, 3, 2, 1]   5           [4, 5, 2, 3, 1]   [5, 4, 3, 2, 1]   1      	0      	2    		2           4
31                                  [4, 5, 2, 3, 1]   [5, 4, 3, 2, 1]      		0	 	2    		2           4
32                                  [4, 5, 2, 3, 1]   [5, 4, 3, 2, 1]      		0	 	2    		2           4
34                                  [4, 5, 2, 3, 1]   [5, 4, 3, 2, 1]      		0	 	2    		2           4      
35                                  [4, 5, 2, 3, 1]   [5, 4, 3, 2, 1]      		0	 	2    		2           4           0
39                                  [4, 5, 2, 3, 1]   [5, 4, 3, 2, 1]      		0	 	2    		2           4           0
40                                  [4, 5, 2, 3, 1]   [2, 4, 3, 2, 1]      		0	 	2    		2           4           0
34                                  [4, 5, 2, 3, 1]   [2, 4, 3, 2, 1]     		0	 	2    		3           4           0
35                                  [4, 5, 2, 3, 1]   [2, 4, 3, 2, 1]     		0	 	2    		3           4           1
39                                  [4, 5, 2, 3, 1]   [2, 4, 3, 2, 1]      		0	 	2    		3           4           1
40                                  [4, 5, 2, 3, 1]   [2, 3, 3, 2, 1]     		0	 	2    		3           4           1
34                                  [4, 5, 2, 3, 1]   [2, 3, 3, 2, 1]      		0	 	2    		4           4           1
35                                  [4, 5, 2, 3, 1]   [2, 3, 3, 2, 1]      		0	 	2    		4           4           2
36                                  [4, 5, 2, 3, 1]   [2, 3, 3, 2, 1]      		0	 	2    		4           4           2
37                                  [4, 5, 2, 3, 1]   [2, 3, 4, 2, 1]      		0	 	2    		4           4           2
34                                  [4, 5, 2, 3, 1]   [2, 3, 4, 2, 1]    		1	 	2    		4           4           2
35                                  [4, 5, 2, 3, 1]   [2, 3, 4, 2, 1]      		1	 	2    		4           4           3
36                                  [4, 5, 2, 3, 1]   [2, 3, 4, 2, 1]      		1	 	2    		4           4           3
37                                  [4, 5, 2, 3, 1]   [2, 3, 4, 5, 1]      		1	 	2    		4           4           3
34                                  [4, 5, 2, 3, 1]   [2, 3, 4, 5, 1]      		2	 	2   		4           4           3
41                                  [4, 5, 2, 3, 1]   [2, 3, 4, 5, 1]      		2	 	2   		4           4           3
41                                  [4, 5, 2, 3, 1]   [2, 3, 4, 5, 1]      		2	 	2    		4           4           3
26	[2, 3, 4, 5, 1]   5           [4, 5, 2, 3, 1]   [2, 3, 4, 5, 1]   1      	0      	2    		2           4
10	[2, 3, 4, 5, 1]   5           [4, 5, 2, 3, 1]   [2, 3, 4, 5, 1]   1      	4      	2    		2           4
11	[2, 3, 4, 5, 1]   5           [4, 5, 2, 3, 1]   [2, 3, 4, 5, 1]   1     	4      	2    		2           4
12	[2, 3, 4, 5, 1]   5           [4, 5, 2, 3, 1]   [2, 3, 4, 5, 1]   1      	4      	5    		2           4
15	[2, 3, 4, 5, 1]   5           [4, 5, 2, 3, 1]   [2, 3, 4, 5, 1]   1      	4      	5    		2           4
17	[2, 3, 4, 5, 1]   5           [4, 5, 2, 3, 1]   [2, 3, 4, 5, 1]   1      	4      	5    		5           4
20	[2, 3, 4, 5, 1]   5           [4, 5, 2, 3, 1]   [2, 3, 4, 5, 1]   1      	4      	5    		5           4
21	[2, 3, 4, 5, 1]   5           [4, 5, 2, 3, 1]   [2, 3, 4, 5, 1]   1      	4      	5    		5           5
24	[2, 3, 4, 5, 1]   5           [4, 5, 2, 3, 1]   [2, 3, 4, 5, 1]   1      	4      	5    		5           5
25	[2, 3, 4, 5, 1]   5           [4, 5, 2, 3, 1]   [2, 3, 4, 5, 1]   2      	4      	5    		5           5
31                                  [4, 5, 2, 3, 1]   [2, 3, 4, 5, 1]      		4	 	5    		5           5
32                                  [4, 5, 2, 3, 1]   [2, 3, 4, 5, 1]      		4	 	5    		5           5
34                                  [4, 5, 2, 3, 1]   [2, 3, 4, 5, 1]      		4	 	5    		5           5      
35                                  [4, 5, 2, 3, 1]   [2, 3, 4, 5, 1]      		4	 	5    		5           5           4
36                                  [4, 5, 2, 3, 1]   [2, 3, 4, 5, 1]      		4	 	5    		5           5           4
37                                  [4, 5, 2, 3, 1]   [2, 3, 4, 5, 1]      		4	 	5    		5           5           4
34                                  [4, 5, 2, 3, 1]   [2, 3, 4, 5, 1]      		4	 	5    		5           5           4
41                                  [4, 5, 2, 3, 1]   [2, 3, 4, 5, 1]      		4	 	5    		5           5           4
41                                  [4, 5, 2, 3, 1]   [2, 3, 4, 5, 1]      		4	 	5    		5           5           4
26	[2, 3, 4, 5, 1]   5           [4, 5, 2, 3, 1]   [2, 3, 4, 5, 1]   2      	4      	5    		5           5
10	[2, 3, 4, 5, 1]   5           [4, 5, 2, 3, 1]   [2, 3, 4, 5, 1]   2      	5      	5    		5           5
27	[2, 3, 4, 5, 1]   5           [4, 5, 2, 3, 1]   [2, 3, 4, 5, 1]   2      	5      	5    		5           5
07	[2, 3, 4, 5, 1]   5           [2, 3, 4, 5, 1]   [4, 5, 2, 3, 1]   2      	5      	5    		5           5
08	[2, 3, 4, 5, 1]   5           [2, 3, 4, 5, 1]   [4, 5, 2, 3, 1]   2      	5      	5    		5           5
09	[2, 3, 4, 5, 1]   5           [2, 3, 4, 5, 1]   [4, 5, 2, 3, 1]   0      	5      	5    		5           5
10	[2, 3, 4, 5, 1]   5           [2, 3, 4, 5, 1]   [4, 5, 2, 3, 1]   0      	0      	5    		5           5
11	[2, 3, 4, 5, 1]   5           [2, 3, 4, 5, 1]   [4, 5, 2, 3, 1]   0      	0      	5    		5           5
12	[2, 3, 4, 5, 1]   5           [2, 3, 4, 5, 1]   [4, 5, 2, 3, 1]   0      	0      	1    		5           5
13	[2, 3, 4, 5, 1]   5           [2, 3, 4, 5, 1]   [4, 5, 2, 3, 1]   0      	0      	1    		5           5
12	[2, 3, 4, 5, 1]   5           [2, 3, 4, 5, 1]   [4, 5, 2, 3, 1]   0      	0      	2    		5           5
13	[2, 3, 4, 5, 1]   5           [2, 3, 4, 5, 1]   [4, 5, 2, 3, 1]   0      	0      	2    		5           5
12	[2, 3, 4, 5, 1]   5           [2, 3, 4, 5, 1]   [4, 5, 2, 3, 1]   0      	0      	3    		5           5
13	[2, 3, 4, 5, 1]   5           [2, 3, 4, 5, 1]   [4, 5, 2, 3, 1]   0      	0      	3    		5           5
12	[2, 3, 4, 5, 1]   5           [2, 3, 4, 5, 1]   [4, 5, 2, 3, 1]   0      	0      	4    		5           5
15	[2, 3, 4, 5, 1]   5           [2, 3, 4, 5, 1]   [4, 5, 2, 3, 1]   0      	0      	4    		5           5
17	[2, 3, 4, 5, 1]   5           [2, 3, 4, 5, 1]   [4, 5, 2, 3, 1]   0      	0      	4    		4           5
18	[2, 3, 4, 5, 1]   5           [2, 3, 4, 5, 1]   [4, 5, 2, 3, 1]   0      	0      	4    		4           5
21	[2, 3, 4, 5, 1]   5           [2, 3, 4, 5, 1]   [4, 5, 2, 3, 1]   0      	0      	4    		4           5
24	[2, 3, 4, 5, 1]   5           [2, 3, 4, 5, 1]   [4, 5, 2, 3, 1]   0      	0      	4    		4           5
25	[2, 3, 4, 5, 1]   5           [2, 3, 4, 5, 1]   [4, 5, 2, 3, 1]   1      	0      	4    		4           5
31                                  [2, 3, 4, 5, 1]   [4, 5, 2, 3, 1]      		0	 	4    		4           5
32                                  [2, 3, 4, 5, 1]   [4, 5, 2, 3, 1]      		0	 	4    		4           5
34                                  [2, 3, 4, 5, 1]   [4, 5, 2, 3, 1]      		0	 	4    		4           5      
35                                  [2, 3, 4, 5, 1]   [4, 5, 2, 3, 1]      		0	 	4    		4           5           0
39                                  [2, 3, 4, 5, 1]   [4, 5, 2, 3, 1]      		0	 	4    		4           5           0
40                                  [2, 3, 4, 5, 1]   [1, 5, 2, 3, 1]      		0	 	4    		4           5           0
34                                  [2, 3, 4, 5, 1]   [1, 5, 2, 3, 1]      		0	 	4    		5           5           0
35                                  [2, 3, 4, 5, 1]   [1, 5, 2, 3, 1]      		0	 	4    		5           5           1
36                                  [2, 3, 4, 5, 1]   [1, 5, 2, 3, 1]      		0	 	4    		5           5           1
37                                  [2, 3, 4, 5, 1]   [1, 2, 2, 3, 1]     		0	 	4    		5           5           1
34                                  [2, 3, 4, 5, 1]   [1, 2, 2, 3, 1]     		1	 	4    		5           5           1
35                                  [2, 3, 4, 5, 1]   [1, 2, 2, 3, 1]      		1	 	4    		5           5           2
36                                  [2, 3, 4, 5, 1]   [1, 2, 2, 3, 1]      		1	 	4   		5           5           2
37                                  [2, 3, 4, 5, 1]   [1, 2, 3, 3, 1]      		1	 	4    		5           5           2
34                                  [2, 3, 4, 5, 1]   [1, 2, 3, 3, 1]      		2	 	4    		5           5           2
35                                  [2, 3, 4, 5, 1]   [1, 2, 3, 3, 1]      		2	 	4    		5           5           3
36                                  [2, 3, 4, 5, 1]   [1, 2, 3, 3, 1]      		2	 	4    		5           5           3
37                                  [2, 3, 4, 5, 1]   [1, 2, 3, 4, 1]      		2	 	4    		5           5           3
34                                  [2, 3, 4, 5, 1]   [1, 2, 3, 4, 1]      		3	 	4    		5           5           3
35                                  [2, 3, 4, 5, 1]   [1, 2, 3, 4, 1]      		3	 	4    		5           5           4
36                                  [2, 3, 4, 5, 1]   [1, 2, 3, 4, 1]      		3	 	4    		5           5           4
37                                  [2, 3, 4, 5, 1]   [1, 2, 3, 4, 5]      		3	 	4    		5           5           4
34                                  [2, 3, 4, 5, 1]   [1, 2, 3, 4, 5]      		4	 	4    		5           5           4
41                                  [2, 3, 4, 5, 1]   [1, 2, 3, 4, 5]      		4	 	4    		5           5           4
41                                  [2, 3, 4, 5, 1]   [1, 2, 3, 4, 5]      		4	 	4    		5           5           4
26	[2, 3, 4, 5, 1]   5           [2, 3, 4, 5, 1]   [1, 2, 3, 4, 5]   1      	0      	4    		4           5
10	[2, 3, 4, 5, 1]   5           [2, 3, 4, 5, 1]   [1, 2, 3, 4, 5]   1      	5      	4    		4           5
27	[2, 3, 4, 5, 1]   5           [2, 3, 4, 5, 1]   [1, 2, 3, 4, 5]   1      	5      	4    		4           5
07	[2, 3, 4, 5, 1]   5           [1, 2, 3, 4, 5]   [2, 3, 4, 5, 1]   1      	5      	4    		4           5
28	[2, 3, 4, 5, 1]   5           [1, 2, 3, 4, 5]   [2, 3, 4, 5, 1]   1      	5      	4    		4           5
28	[2, 3, 4, 5, 1]   5           [1, 2, 3, 4, 5]   [2, 3, 4, 5, 1]   1      	5      	4    		4           5